

Fri_Nov_15_19:59:36_2024_+_9999.00_REAL__CT:_0.0__TX:_0.0
Fri_Nov_15_19:59:36_2024_REAL:_10099.00__BTC:_0.00__XRP:_0.00__ETH:_0.00

Fri_Nov_15_19:59:44_2024_+_97.826087_PAL__CT:_1.84__TX:_0.1
Fri_Nov_15_19:59:44_2024_REAL:_9899.00__BTC:_0.000000__XRP:_0.00__ETH:_0.00__URS:_0.00__MOE:_0.00__PAL:_97.826087
